0.0833333 0.5 0
0.0833333 0.541667 0
0.125 0.416667 0
0.125 0.583333 0
0.166667 0.416667 0
0.166667 0.5 0
0.208333 0.458333 0
0.208333 0.541667 0
0.208333 0.583333 0
0.25 0.5 0
0.25 0.541667 0
0.416667 0.791667 0
0.416667 0.833333 0
0.416667 0.875 0
0.458333 0.125 0
0.458333 0.208333 0
0.458333 0.75 0
0.458333 0.833333 0
0.458333 0.916667 0
0.5 0.0833333 0
0.5 0.125 0
0.5 0.166667 0
0.5 0.208333 0
0.5 0.25 0
0.5 0.75 0
0.5 0.791667 0
0.5 0.833333 0
0.541667 0.125 0
0.541667 0.208333 0
0.541667 0.25 0
0.541667 0.75 0
0.541667 0.791667 0
0.541667 0.875 0
0.541667 0.916667 0
0.583333 0.125 0
0.583333 0.166667 0
0.583333 0.208333 0
0.583333 0.75 0
0.583333 0.791667 0
0.583333 0.875 0
0.75 0.416667 0
0.75 0.458333 0
0.75 0.583333 0
0.791667 0.416667 0
0.791667 0.458333 0
0.791667 0.5 0
0.791667 0.541667 0
0.833333 0.416667 0
0.833333 0.458333 0
0.875 0.416667 0
0.875 0.458333 0
0.916667 0.458333 0
0.916667 0.5 0
0.916667 0.541667 0
0.125 0.5 0
0.5 0.875 0
0.541667 0.0833333 0
0.875 0.541667 0
0.875 0.583333 0
0.0833333 0.125 1
0.0833333 0.208333 1
0.0833333 0.75 1
0.0833333 0.791667 1
0.0833333 0.833333 1
0.0833333 0.875 1
0.125 0.0833333 1
0.125 0.125 1
0.125 0.916667 1
0.166667 0.0833333 1
0.166667 0.125 1
0.166667 0.166667 1
0.166667 0.791667 1
0.166667 0.833333 1
0.166667 0.875 1
0.166667 0.916667 1
0.208333 0.0833333 1
0.208333 0.166667 1
0.208333 0.208333 1
0.208333 0.25 1
0.208333 0.791667 1
0.208333 0.833333 1
0.25 0.208333 1
0.25 0.75 1
0.25 0.791667 1
0.25 0.833333 1
0.25 0.875 1
0.416667 0.458333 1
0.416667 0.5 1
0.416667 0.541667 1
0.458333 0.458333 1
0.458333 0.5 1
0.458333 0.541667 1
0.5 0.416667 1
0.5 0.458333 1
0.541667 0.458333 1
0.541667 0.5 1
0.541667 0.541667 1
0.541667 0.583333 1
0.583333 0.458333 1
0.583333 0.5 1
0.583333 0.541667 1
0.75 0.0833333 1
0.75 0.125 1
0.75 0.208333 1
0.75 0.75 1
0.75 0.833333 1
0.75 0.875 1
0.791667 0.0833333 1
0.791667 0.166667 1
0.791667 0.25 1
0.791667 0.833333 1
0.833333 0.0833333 1
0.833333 0.166667 1
0.833333 0.791667 1
0.833333 0.833333 1
0.833333 0.875 1
0.875 0.208333 1
0.875 0.25 1
0.875 0.75 1
0.875 0.833333 1
0.875 0.875 1
0.875 0.916667 1
0.916667 0.125 1
0.916667 0.166667 1
0.916667 0.208333 1
0.916667 0.791667 1
0.125 0.166667 1
0.125 0.208333 1
0.125 0.25 1
0.208333 0.916667 1
0.5 0.5 1
0.875 0.0833333 1
0.875 0.125 1
